102
1000 1000000
1000 1000
3 4
3 2
1 2
2 1
2 2
55 66
45 43
234 54
34 65
765 234
654 23
654 12
74 24
23 76
123 65
234 87
23 23
1 454
1 76
23 8787
234 2
122 222
123 4
4 5
6 5
76 34
9 98
9 9
78 67
56 4
34 9
0 2
23 211
43 2
56 87
654 2344
5433 2345
122 2222
88 888
765 6567
867 4567
321 322
1 999
321 425
2313 123
2321 3123
41 455
444 765
124 111
1000 1000000
1000 1000
3 4
3 2
1 2
2 1
2 2
55 66
45 43
234 54
34 65
765 234
654 23
654 12
74 24
23 76
123 65
234 87
23 23
1 454
1 76
23 8787
234 2
122 222
123 4
4 5
6 5
76 34
9 98
9 9
78 67
56 4
34 9
0 2
23 211
43 2
56 87
654 2344
5433 2345
122 2222
88 888
765 6567
867 4567
321 322
1 999
321 425
2313 123
2321 3123
41 455
444 765
124 111
1000
1000 1000000
1000 1000003
1000 1000
3 4
3 2
1 2
2 1
2 2
55 66
45 43
234 54
34 65
765 234
654 23
654 12
74 24
23 76
123 65
234 87
23 23
1 454
1 76
23 8787
234 2
122 222
123 4
4 5
6 5
76 34
9 98
9 9
78 67
56 4
34 9
0 2
23 211
43 2
56 87
654 2344
5433 2345
122 2222
88 888
765 6567
867 4567
321 322
1 999
321 425
2313 123
2321 3123
41 455
444 765
124 111
1000 1000000
1000 1000
3 4
3 2
1 2
2 1
2 2
55 66
45 43
234 54
34 65
765 234
654 23
654 12
74 24
23 76
123 65
234 87
23 23
1 454
1 76
23 8787
234 2
122 222
123 4
4 5
6 5
76 34
9 98
9 9
78 67
56 4
34 9
0 2
23 211
43 2
56 87
654 2344
5433 2345
122 2222
88 888
765 6567
867 4567
321 322
1 999
321 425
2313 123
2321 3123
1000 1000000
1000 1000003
1000 1000
3 4
3 2
1 2
2 1
2 2
55 66
45 43
234 54
34 65
765 234
654 23
654 12
74 24
23 76
123 65
234 87
23 23
1 454
1 76
23 8787
234 2
122 222
123 4
4 5
6 5
76 34
9 98
9 9
78 67
56 4
34 9
0 2
23 211
43 2
56 87
654 2344
5433 2345
122 2222
88 888
765 6567
867 4567
321 322
1 999
321 425
2313 123
2321 3123
41 455
444 765
124 111
1000 1000000
1000 1000
3 4
3 2
1 2
2 1
2 2
55 66
45 43
234 54
34 65
765 234
654 23
654 12
74 24
23 76
123 65
234 87
23 23
1 454
1 76
23 8787
234 2
122 222
123 4
4 5
6 5
76 34
9 98
9 9
78 67
56 4
34 9
0 2
23 211
43 2
56 87
654 2344
5433 2345
122 2222
88 888
765 6567
867 4567
321 322
1 999
321 425
2313 123
2321 3123
1000 1000000
1000 1000003
1000 1000
3 4
3 2
1 2
2 1
2 2
55 66
45 43
234 54
34 65
765 234
654 23
654 12
74 24
23 76
123 65
234 87
23 23
1 454
1 76
23 8787
234 2
122 222
123 4
4 5
6 5
76 34
9 98
9 9
78 67
56 4
34 9
0 2
23 211
43 2
56 87
654 2344
5433 2345
122 2222
88 888
765 6567
867 4567
321 322
1 999
321 425
2313 123
2321 3123
41 455
444 765
124 111
1000 1000000
1000 1000
3 4
3 2
1 2
2 1
2 2
55 66
45 43
234 54
34 65
765 234
654 23
654 12
74 24
23 76
123 65
234 87
23 23
1 454
1 76
23 8787
234 2
122 222
123 4
4 5
6 5
76 34
9 98
9 9
78 67
56 4
34 9
0 2
23 211
43 2
56 87
654 2344
5433 2345
122 2222
88 888
765 6567
867 4567
321 322
1 999
321 425
2313 123
2321 3123
1000 1000000
1000 1000003
1000 1000
3 4
3 2
1 2
2 1
2 2
55 66
45 43
234 54
34 65
765 234
654 23
654 12
74 24
23 76
123 65
234 87
23 23
1 454
1 76
23 8787
234 2
122 222
123 4
4 5
6 5
76 34
9 98
9 9
78 67
56 4
34 9
0 2
23 211
43 2
56 87
654 2344
5433 2345
122 2222
88 888
765 6567
867 4567
321 322
1 999
321 425
2313 123
2321 3123
41 455
444 765
124 111
1000 1000000
1000 1000
3 4
3 2
1 2
2 1
2 2
55 66
45 43
234 54
34 65
765 234
654 23
654 12
74 24
23 76
123 65
234 87
23 23
1 454
1 76
23 8787
234 2
122 222
123 4
4 5
6 5
76 34
9 98
9 9
78 67
56 4
34 9
0 2
23 211
43 2
56 87
654 2344
5433 2345
122 2222
88 888
765 6567
867 4567
321 322
1 999
321 425
2313 123
2321 3123
1000 1000000
1000 1000003
1000 1000
3 4
3 2
1 2
2 1
2 2
55 66
45 43
234 54
34 65
765 234
654 23
654 12
74 24
23 76
123 65
234 87
23 23
1 454
1 76
23 8787
234 2
122 222
123 4
4 5
6 5
76 34
9 98
9 9
78 67
56 4
34 9
0 2
23 211
43 2
56 87
654 2344
5433 2345
122 2222
88 888
765 6567
867 4567
321 322
1 999
321 425
2313 123
2321 3123
41 455
444 765
124 111
1000 1000000
1000 1000
3 4
3 2
1 2
2 1
2 2
55 66
45 43
234 54
34 65
765 234
654 23
654 12
74 24
23 76
123 65
234 87
23 23
1 454
1 76
23 8787
234 2
122 222
123 4
4 5
6 5
76 34
9 98
9 9
78 67
56 4
34 9
0 2
23 211
43 2
56 87
654 2344
5433 2345
122 2222
88 888
765 6567
867 4567
321 322
1 999
321 425
2313 123
2321 3123
1000 1000000
1000 1000003
1000 1000
3 4
3 2
1 2
2 1
2 2
55 66
45 43
234 54
34 65
765 234
654 23
654 12
74 24
23 76
123 65
234 87
23 23
1 454
1 76
23 8787
234 2
122 222
123 4
4 5
6 5
76 34
9 98
9 9
78 67
56 4
34 9
0 2
23 211
43 2
56 87
654 2344
5433 2345
122 2222
88 888
765 6567
867 4567
321 322
1 999
321 425
2313 123
2321 3123
41 455
444 765
124 111
1000 1000000
1000 1000
3 4
3 2
1 2
2 1
2 2
55 66
45 43
234 54
34 65
765 234
654 23
654 12
74 24
23 76
123 65
234 87
23 23
1 454
1 76
23 8787
234 2
122 222
123 4
4 5
6 5
76 34
9 98
9 9
78 67
56 4
34 9
0 2
23 211
43 2
56 87
654 2344
5433 2345
122 2222
88 888
765 6567
867 4567
321 322
1 999
321 425
2313 123
2321 3123
1000 1000000
1000 1000003
1000 1000
3 4
3 2
1 2
2 1
2 2
55 66
45 43
234 54
34 65
765 234
654 23
654 12
74 24
23 76
123 65
234 87
23 23
1 454
1 76
23 8787
234 2
122 222
123 4
4 5
6 5
76 34
9 98
9 9
78 67
56 4
34 9
0 2
23 211
43 2
56 87
654 2344
5433 2345
122 2222
88 888
765 6567
867 4567
321 322
1 999
321 425
2313 123
2321 3123
41 455
444 765
124 111
1000 1000000
1000 1000
3 4
3 2
1 2
2 1
2 2
55 66
45 43
234 54
34 65
765 234
654 23
654 12
74 24
23 76
123 65
234 87
23 23
1 454
1 76
23 8787
234 2
122 222
123 4
4 5
6 5
76 34
9 98
9 9
78 67
56 4
34 9
0 2
23 211
43 2
56 87
654 2344
5433 2345
122 2222
88 888
765 6567
867 4567
321 322
1 999
321 425
2313 123
2321 3123
1000 1000000
1000 1000003
1000 1000
3 4
3 2
1 2
2 1
2 2
55 66
45 43
234 54
34 65
765 234
654 23
654 12
74 24
23 76
123 65
234 87
23 23
1 454
1 76
23 8787
234 2
122 222
123 4
4 5
6 5
76 34
9 98
9 9
78 67
56 4
34 9
0 2
23 211
43 2
56 87
654 2344
5433 2345
122 2222
88 888
765 6567
867 4567
321 322
1 999
321 425
2313 123
2321 3123
41 455
444 765
124 111
1000 1000000
1000 1000
3 4
3 2
1 2
2 1
2 2
55 66
45 43
234 54
34 65
765 234
654 23
654 12
74 24
23 76
123 65
234 87
23 23
1 454
1 76
23 8787
234 2
122 222
123 4
4 5
6 5
76 34
9 98
9 9
78 67
56 4
34 9
0 2
23 211
43 2
56 87
654 2344
5433 2345
122 2222
88 888
765 6567
867 4567
321 322
1 999
321 425
2313 123
2321 3123
1000 1000000
1000 1000003
1000 1000
3 4
3 2
1 2
2 1
2 2
55 66
45 43
234 54
34 65
765 234
654 23
654 12
74 24
23 76
123 65
234 87
23 23
1 454
1 76
23 8787
234 2
122 222
123 4
4 5
6 5
76 34
9 98
9 9
78 67
56 4
34 9
0 2
23 211
43 2
56 87
654 2344
5433 2345
122 2222
88 888
765 6567
867 4567
321 322
1 999
321 425
2313 123
2321 3123
41 455
444 765
124 111
1000 1000000
1000 1000
3 4
3 2
1 2
2 1
2 2
55 66
45 43
234 54
34 65
765 234
654 23
654 12
74 24
23 76
123 65
234 87
23 23
1 454
1 76
23 8787
234 2
122 222
123 4
4 5
6 5
76 34
9 98
9 9
78 67
56 4
34 9
0 2
23 211
43 2
56 87
654 2344
5433 2345
122 2222
88 888
765 6567
867 4567
321 322
1 999
321 425
2313 123
2321 3123
1000 1000000
1000 1000003
1000 1000
3 4
3 2
1 2
2 1
2 2
55 66
45 43
234 54
34 65
765 234
654 23
654 12
74 24
23 76
123 65
234 87
23 23
1 454
1 76
23 8787
234 2
122 222
123 4
4 5
6 5
76 34
9 98
9 9
78 67
56 4
34 9
0 2
23 211
43 2
56 87
654 2344
5433 2345
122 2222
88 888
765 6567
867 4567
321 322
1 999
321 425
2313 123
2321 3123
41 455
444 765
124 111
1000 1000000
1000 1000
3 4
3 2
1 2
2 1
2 2
55 66
45 43
234 54
34 65
765 234
654 23
654 12
74 24
23 76
123 65
234 87
23 23
1 454
1 76
23 8787
234 2
122 222
123 4
4 5
6 5
76 34
9 98
9 9
78 67
56 4
34 9
0 2
23 211
43 2
56 87
654 2344
5433 2345
122 2222
88 888
765 6567
867 4567
321 322
1 999
321 425
2313 123
2321 3123
0